10
16
14
3
7
11
13
5
12
5
5
8
5
9
7
8
8
3
7
5
4
34
5
36
6
4
8
9
3
7
4
5
4
8
14
32
32
37
31
39
35
27
22
29
50
53
38
38
33
25
38
33
23
49
51
32
36
49
43
27
53
43
30
38
42
44
53
44
55
59
46
47
50
30
39
-7
35
42
45
49
38
51
35
23
18
11
37
15
42
38
11
35
38
8
15
27
20
22
31
41
16
17
16
12
19
24
11
15
11
45
13
10
23
16
22
17
25
34
16
28
25
33
34
11
13
32
35
10
22
40
13
19
21
43
41
12
35
20
33
19
34
12
24
14
10
43
18
41
19
46
15
22
27
45
12
35
24
35
18
44
58
30
12
13
8
12
14
21
13
18
34
15
31
14
13
25
12
12
9
11
48
9
20
45
17
17
35
13
46
36
44
39
6
19
56
12
10
21
41
20
43
12
15
17
47
36
6
16
23
52
19
27
19
32
43
25
25
40
42
42
17
29
7
24
19
18
19
15
8
24
36
31
12
16
26
10
16
16
19
32
21
22
19
17
40
45
23
16
12
10
19
39
18
50
9
30
9
54
13
36
12
10
12
39
37
26
15
30
37
37
22
31
37
11
22
44
40
10
16
8
37
15
31
26
36
20
43
51
34
13
11
23
37
26
21
32
11
14
28
33
38
20
43
41
20
27
29
24
12
9
16
13
16
42
35
19
25
14
7
38
33
7
13
31
32
18
8
42
41
29
24
1
12
46
29
30
31
19
17
44
44
14
12
15
22
10
29
19
14
46
12
19
20
13
13
18
10
22
24
29
20
40
21
18
32
34
21
35
13
11
38
20
10
18
22
16
44
36
38
9
22
33
36
23
23
22
19
21
22
22
19
8
17
12
15
30
32
8
10
40
37
22
1
15
21
36
7
20
22
13
38
27
28
22
10
6
16
12
19
17
32
36
30
35
20
20
16
15
16
27
20
10
10
31
17
31
27
15
28
19
17
17
23
21
25
32
13
21
34
9
11
37
22
25
25
10
8
14
22
11
18
39
14
17
46
43
41
48
28
25
36
51
40
15
19
40
44
40
41
36
40
46
40
38
51
46
46
23
43
53
47
50
43
45
44
43
35
47
34
39
26
12
33
36
18
35
35
23
32
37
31
53
38
35
40
29
35
36
36
30
18
33
40
27
5
15
11
11
36
10
44
40
45
15
19
13
13
35
14
35
37
14
39
40
49
35
47
24
27
29
7
7
6
8
6
9
12
1
3
6
3
4
5
8
9
9
8
-1
9
1
12
4
7
6
4
7
12
8
0
1
10
24
7
11
14
10
6
7
16
16
10
-5
6
7
7
9
7
34
21
11
9
35
14
-3
13
26
11
25
13
7
40
19
11
12
36
37
9
31
15
40
31
35
11
19
17
12
11
3
5
4
4
4
26
45
45
44
35
20
47
38
20
28
25
36
53
42
32
20
59
30
13
27
31
13
46
28
40
43
34
39
35
20
38
18
46
53
19
55
42
42
28
49
41
46
47
33
45
38
22
33
32
51
45
33
27
34
45
46
18
29
35
43
46
42
45
38
35
33
17
52
54
25
26
38
18
40
32
29
30
18
50
44
19
50
53
34
48
20
22
42
26
40
44
41
12
13
51
35
21
27
12
13
11
35
28
7
11
12
13
21
17
14
21
35
9
31
11
14
31
42
44
35
54
15
31
22
34
37
27
12
36
33
15
19
7
39
12
50
41
16
20
17
43
47
47
22
28
33
9
16
17
16
27
28
28
13
14
22
21
17
23
35
39
25
20
11
23
10
7
10
7
19
16
10
7
24
19
9
18
14
16
5
14
11
10
13
8
8
9
28
39
27
11
31
11
17
10
10
12
15
8
7
23
17
20
24
11
14
25
27
29
32
24
30
49
32
20
8
35
16
19
33
13
27
19
10
28
45
38
18
19
23
8
11
12
35
36
32
39
45
30
6
28
14
19
34
1
3
16
7
22
6
11
7
12
2
2
10
13
13
4
11
31
3
10
18
5
24
17
34
38
4
17
3
1
31
21
38
2
2
17
27
1
24
5
1
36
1
14
2
38
2
9
6
8
7
23
8
10
2
41
18
12
11
21
4
38
11
3
2
17
37
5
22
0
28
1
49
3
2
6
16
-1
10
9
5
2
3
-3
14
14
15
12
38
4
18
26
5
2
10
6
2
7
5
17
10
4
17
31
5
2
19
2
25
3
3
7
22
45
18
8
5
3
24
27
39
2
26
1
42
6
41
2
30
27
1
34
38
11
5
10
12
9
7
21
4
28
13
3
3
27
4
1
0
9
21
9
2
39
22
28
3
15
13
13
44
1
9
0
5
2
23
12
4
7
20
22
18
2
9
29
2
50
2
21
57
16
3
14
20
8
35
43
44
15
15
41
5
5
5
3
6
6
9
6
17
3
1
2
2
2
34
23
7
13
3
2
33
5
5
3
6
6
11
22
4
20
5
1
3
33
37
2
3
3
5
4
1
1
-2
1
10
7
27
1
1
2
6
0
47
27
1
3
15
1
2
4
0
5
-1
20
3
2
11
8
8
7
13
1
0
15
7
-2
3
5
0
29
20
30
6
28
13
10
43
39
48
33
10
3
18
-1
37
3
23
36
45
-7
7
15
3
26
5
22
24
41
10
8
6
14
42
27
42
10
49
52
27
23
25
8
5
9
6
34
47
47
6
26
44
24
27
24
35
13
40
5
3
14
-2
5
8
25
11
3
39
39
42
9
15
27
33
25
19
44
5
4
39
28
49
10
6
2
2
52
10
12
43
21
-1
9
20
12
8
45
23
10
44
39
11
52
47
6
32
10
6
27
28
2
10
2
10
37
33
15
27
25
7
9
2
17
42
19
15
28
6
6
3
45
19
27
4
16
2
28
32
49
14
50
4
53
54
46
16
14
9
4
30
26
24
13
23
10
21
10
0
28
34
3
13
3
3
0
2
18
41
5
9
27
20
16
0
14
30
0
17
2
28
1
10
2
2
17
9
48
8
27
31
18
0
15
12
22
19
11
2
0
0
14
30
19
10
11
14
0
5
4
0
18
4
5
8
7
2
16
3
1
57
0
-1
8
1
8
9
8
5
6
13
12
16
23
29
24
7
8
41
44
12
32
8
6
1
3
0
45
1
16
9
-1
38
2
8
4
-2
1
6
1
35
20
5
11
18
12
25
41
0
8
33
0
40
27
40
0
8
24
9
7
0
1
12
7
15
0
4
4
7
11
2
5
39
-2
20
6
4
4
2
4
28
17
18
17
0
18
5
23
18
5
7
5
5
25
7
20
4
5
1
8
39
23
4
0
23
8
43
15
34
38
5
2
22
4
4
10
6
18
0
26
3
1
8
2
18
22
5
38
3
0
16
-2
2
36
46
36
22
29
7
1
30
0
3
0
-1
1
4
5
9
0
4
-4
1
3
11
5
29
53
13
0
12
5
4
35
33
12
20
0
0
2
6
-1
30
5
0
-1
-2
2
47
3
-1
7
5
12
-2
13
2
2
10
49
3
8
1
16
12
3
18
-1
6
0
19
0
19
48
7
2
16
14
14
26
-1
1
30
-1
1
31
-4
-1
1
13
8
7
4
29
0
35
-1
2
21
14
13
-1
33
7
20
-1
24
3
10
12
0
30
2
5
30
2
-2
-1
-1
7
0
-1
2
-2
-2
1
36
-1
35
-1
11
12
9
-2
5
18
32
-1
4
25
30
13
2
2
-7
31
1
56
0
18
19
43
6
47
12
5
0
4
6
3
3
35
44
3
4
1
44
21
3
0
40
0
3
5
1
20
13
2
22
33
13
2
20
8
0
1
-1
1
0
11
34
-1
19
0
-1
21
10
2
2
15
9
16
40
11
18
45
27
23
46
11
58
-3
6
10
-2
10
-1
9
-1
36
15
14
0
7
12
-1
10
-1
41
3
1
-6
8
19
17
8
8
5
-1
-1
-1
7
2
8
-4
-1
-1
-1
-1
39
-1
-2
-1
-2
27
4
-1
-1
-3
-1
14
7
-4
1
30
-2
20
2
2
-1
-1
0
6
-2
2
1
28
6
24
0
-1
2
-2
2
3
5
39
14
8
32
4
-2
-1
-2
34
36
-2
0
9
12
-1
-5
8
10
-2
2
13
1
10
2
-1
11
0
-2
-2
-2
-2
4
-4
-6
12
-2
7
14
-1
14
51
-2
-2
13
11
9
-2
6
-2
11
3
1
-4
-3
-4
-2
19
15
11
-2
-2
-2
5
10
38
-3
-2
5
-3
-2
-2
-4
-2
-2
0
13
-1
-3
17
-2
-2
-2
1
6
36
8
17
9
-2
-5
-2
-2
-2
-2
7
-2
-2
-1
24
-2
-2
11
4
-2
-2
8
0
20
16
33
-4
-5
-3
-2
1
1
-3
-2
-5
25
-3
10
11
4
-2
-2
-2
1
-3
-4
27
-3
6
0
-2
21
40
-5
-4
26
-4
27
2
-3
10
-3
-3
-2
6
-2
33
2
-3
-2
2
-5
10
18
-3
17
-5
-4
-3
-5
-4
-2
24
20
-3
19
-3
29
-3
15
-3
10
16
-3
-3
-1
-2
10
13
-1
6
13
-3
0
16
1
-3
7
-3
-3
-2
-2
-3
-3
3
7
3
11
-4
14
18
-3
0
-2
-3
43
-5
-1
-6
15
-6
-3
-4
11
-1
-4
-4
0
6
-5
-1
-5
11
29
25
-6
-2
-4
-3
-5
-4
-3
-5
-1
-4
-5
3
58
-3
6
-3
3
0
6
-4
-4
11
-5
33
-4
11
16
16
0
-1
-4
-5
-1
-5
6
-4
-4
-4
9
19
42
35
-1
-5
-4
19
2
20
-5
3
-4
-3
-3
-2
-4
40
-1
-4
-4
0
-6
-2
3
-2
1
-1
-4
-4
-4
-3
-4
13
-4
2
2
1
-3
-5
9
-4
-4
-1
-3
-4
-1
-4
-4
-6
-4
-4
-4
-5
-6
-5
-4
-2
-4
-5
-4
-4
6
-4
17
-4
-4
2
2
-5
-6
-4
13
3
17
-1
-4
-4
-4
-4
-4
-5
18
-4
-4
20
16
12
-7
19
33
44
-5
-4
18
3
-5
9
-2
9
-4
-4
11
-4
1
-1
6
19
10
22
-3
-4
-4
6
-7
-7
-5
-4
-5
-5
31
13
-4
-5
-5
-5
-7
-7
-5
0
-6
30
-7
-5
-5
3
-5
-5
-6
-3
4
-5
-4
-5
-5
-4
8
-5
15
-5
-5
-7
14
-5
4
-5
-4
-3
-5
-5
-5
10
0
1
-4
0
-5
-5
-5
-5
-4
-5
-6
-5
-6
-6
-6
-5
-7
-6
-7
-6
-5
-5
-6
-5
-5
0
-4
-5
17
11
3
-3
-4
-5
-6
2
2
1
-6
-5
14
5
4
-5
-5
-7
29
4
1
1
0
-1
-3
16
7
3
28
-6
-5
2
-2
-6
-5
-5
-5
8
3
-5
11
12
-5
33
-7
-6
26
36
-5
-5
-5
-5
-6
-5
13
16
-6
21
-6
8
9
32
-5
-6
-3
-6
26
43
-6
-6
-6
30
-6
40
-6
-6
6
0
-6
-6
0
14
6
7
0
16
0
21
-1
-6
34
-5
-6
10
5
15
-3
9
-6
10
-6
-6
8
0
-6
-6
32
10
-1
-6
-6
-3
-1
-6
-6
-6
11
33
-1
-6
-6
-6
-3
-5
-2
-6
-5
8
9
-6
-6
-5
39
-3
-6
-3
-6
-4
-5
-6
16
33
-6
10
29
24
8
19
3
-5
-6
-6
-6
15
-2
-5
-6
-6
12
-1
25
-6
-6
15
18
-6
8
-6
20
-6
-6
-6
-6
8
8
-6
4
-1
-6
7
-6
-6
10
11
-7
-4
-6
-6
-6
-6
-6
-6
-4
11
16
-6
-5
-6
-6
-6
-6
12
-6
0
-6
-6
-6
-6
-5
-6
-6
-6
-5
-6
1
-3
-6
-6
-6
-6
28
7
3
13
9
-6
5
5
14
-1
7
35
40
38
31
13
10
-6
-6
-3
36
7
18
12
-1
4
19
12
-6
-6
-6
-6
-6
7
-6
-6
-6
34
-6
14
-6
30
-6
21
9
16
-1
4
-6
-6
40
12
25
-3
-7
-7
20
21
5
-7
-3
44
-6
-7
-6
37
-7
-7
1
12
-4
4
-7
-7
-5
-4
23
-7
-4
-7
6
-5
-7
-7
40
-7
8
37
35
15
-5
-4
1
-6
-7
-7
-5
-7
-7
10
-3
-5
-7
-7
6
-7
12
-6
-7
9
14
7
8
21
30
5
-6
14
20
-6
10
7
10
6
7
-5
-7
16
27
-4
3
-7
-7
-7
-7
-7
13
1
-7
-7
12
23
16
20
0
-1
-7
42
9
-3
0
23
-6
12
-2
39
2
-2
4
-4
-7
-7
-7
-7
-7
12
0
5
-2
-7
-5
-7
-7
-7
4
14
-3
20
-1
-7
-7
-5
-4
-7
34
16
4
3
0
-6
-7
0
-7
10
8
21
12
34
-7
13
-5
34
2
39
-3
19
-6
0
0
-7
-3
-7
-7
-7
3
-5
-7
28
-7
-6
-4
-7
-7
-3
0
-7
-7
-6
30
-6
-7
-7
2
9
-7
-7
-7
-7
-7
12
-6
-7
-7
-6
-3
-7
6
-5
-3
-7
-7
-7
-6
6
-7
4
-7
18
-7
-7
-7
-6
-7
-7
0
2
3
-7
-4
-7
-7
-7
-7
31
25
0
