17
23
21
10
14
18
20
12
19
12
12
15
12
16
14
15
15
10
14
12
11
41
12
43
13
11
15
16
10
14
11
12
11
15
21
39
39
44
38
46
42
34
29
36
57
60
45
45
40
32
45
40
30
56
58
39
43
56
50
34
60
50
37
45
49
51
60
51
62
66
53
54
57
37
46
0
42
49
52
56
45
58
42
30
25
18
44
22
49
45
18
42
45
15
22
34
27
29
38
48
23
24
23
19
26
31
18
22
18
52
20
17
30
23
29
24
32
41
23
35
32
40
41
18
20
39
42
17
29
47
20
26
28
50
48
19
42
27
40
26
41
19
31
21
17
50
25
48
26
53
22
29
34
52
19
42
31
42
25
51
65
37
19
20
15
19
21
28
20
25
41
22
38
21
20
32
19
19
16
18
55
16
27
52
24
24
42
20
53
43
51
46
13
26
63
19
17
28
48
27
50
19
22
24
54
43
13
23
30
59
26
34
26
39
50
32
32
47
49
49
24
36
14
31
26
25
26
22
15
31
43
38
19
23
33
17
23
23
26
39
28
29
26
24
47
52
30
23
19
17
26
46
25
57
16
37
16
61
20
43
19
17
19
46
44
33
22
37
44
44
29
38
44
18
29
51
47
17
23
15
44
22
38
33
43
27
50
58
41
20
18
30
44
33
28
39
18
21
35
40
45
27
50
48
27
34
36
31
19
16
23
20
23
49
42
26
32
21
14
45
40
14
20
38
39
25
15
49
48
36
31
8
19
53
36
37
38
26
24
51
51
21
19
22
29
17
36
26
21
53
19
26
27
20
20
25
17
29
31
36
27
47
28
25
39
41
28
42
20
18
45
27
17
25
29
23
51
43
45
16
29
40
43
30
30
29
26
28
29
29
26
15
24
19
22
37
39
15
17
47
44
29
8
22
28
43
14
27
29
20
45
34
35
29
17
13
23
19
26
24
39
43
37
42
27
27
23
22
23
34
27
17
17
38
24
38
34
22
35
26
24
24
30
28
32
39
20
28
41
16
18
44
29
32
32
17
15
21
29
18
25
46
21
24
53
50
48
55
35
32
43
58
47
22
26
47
51
47
48
43
47
53
47
45
58
53
53
30
50
60
54
57
50
52
51
50
42
54
41
46
33
19
40
43
25
42
42
30
39
44
38
60
45
42
47
36
42
43
43
37
25
40
47
34
12
22
18
18
43
17
51
47
52
22
26
20
20
42
21
42
44
21
46
47
56
42
54
31
34
36
14
14
13
15
13
16
19
8
10
13
10
11
12
15
16
16
15
6
16
8
19
11
14
13
11
14
19
15
7
8
17
31
14
18
21
17
13
14
23
23
17
2
13
14
14
16
14
41
28
18
16
42
21
4
20
33
18
32
20
14
47
26
18
19
43
44
16
38
22
47
38
42
18
26
24
19
18
10
12
11
11
11
33
52
52
51
42
27
54
45
27
35
32
43
60
49
39
27
66
37
20
34
38
20
53
35
47
50
41
46
42
27
45
25
53
60
26
62
49
49
35
56
48
53
54
40
52
45
29
40
39
58
52
40
34
41
52
53
25
36
42
50
53
49
52
45
42
40
24
59
61
32
33
45
25
47
39
36
37
25
57
51
26
57
60
41
55
27
29
49
33
47
51
48
19
20
58
42
28
34
19
20
18
42
35
14
18
19
20
28
24
21
28
42
16
38
18
21
38
49
51
42
61
22
38
29
41
44
34
19
43
40
22
26
14
46
19
57
48
23
27
24
50
54
54
29
35
40
16
23
24
23
34
35
35
20
21
29
28
24
30
42
46
32
27
18
30
17
14
17
14
26
23
17
14
31
26
16
25
21
23
12
21
18
17
20
15
15
16
35
46
34
18
38
18
24
17
17
19
22
15
14
30
24
27
31
18
21
32
34
36
39
31
37
56
39
27
15
42
23
26
40
20
34
26
17
35
52
45
25
26
30
15
18
19
42
43
39
46
52
37
13
35
21
26
41
8
10
23
14
29
13
18
14
19
9
9
17
20
20
11
18
38
10
17
25
12
31
24
41
45
11
24
10
8
38
28
45
9
9
24
34
8
31
12
8
43
8
21
9
45
9
16
13
15
14
30
15
17
9
48
25
19
18
28
11
45
18
10
9
24
44
12
29
7
35
8
56
10
9
13
23
6
17
16
12
9
10
4
21
21
22
19
45
11
25
33
12
9
17
13
9
14
12
24
17
11
24
38
12
9
26
9
32
10
10
14
29
52
25
15
12
10
31
34
46
9
33
8
49
13
48
9
37
34
8
41
45
18
12
17
19
16
14
28
11
35
20
10
10
34
11
8
7
16
28
16
9
46
29
35
10
22
20
20
51
8
16
7
12
9
30
19
11
14
27
29
25
9
16
36
9
57
9
28
64
23
10
21
27
15
42
50
51
22
22
48
12
12
12
10
13
13
16
13
24
10
8
9
9
9
41
30
14
20
10
9
40
12
12
10
13
13
18
29
11
27
12
8
10
40
44
9
10
10
12
11
8
8
5
8
17
14
34
8
8
9
13
7
54
34
8
10
22
8
9
11
7
12
6
27
10
9
18
15
15
14
20
8
7
22
14
5
10
12
7
36
27
37
13
35
20
17
50
46
55
40
17
10
25
6
44
10
30
43
52
0
14
22
10
33
12
29
31
48
17
15
13
21
49
34
49
17
56
59
34
30
32
15
12
16
13
41
54
54
13
33
51
31
34
31
42
20
47
12
10
21
5
12
15
32
18
10
46
46
49
16
22
34
40
32
26
51
12
11
46
35
56
17
13
9
9
59
17
19
50
28
6
16
27
19
15
52
30
17
51
46
18
59
54
13
39
17
13
34
35
9
17
9
17
44
40
22
34
32
14
16
9
24
49
26
22
35
13
13
10
52
26
34
11
23
9
35
39
56
21
57
11
60
61
53
23
21
16
11
37
33
31
20
30
17
28
17
7
35
41
10
20
10
10
7
9
25
48
12
16
34
27
23
7
21
37
7
24
9
35
8
17
9
9
24
16
55
15
34
38
25
7
22
19
29
26
18
9
7
7
21
37
26
17
18
21
7
12
11
7
25
11
12
15
14
9
23
10
8
64
7
6
15
8
15
16
15
12
13
20
19
23
30
36
31
14
15
48
51
19
39
15
13
8
10
7
52
8
23
16
6
45
9
15
11
5
8
13
8
42
27
12
18
25
19
32
48
7
15
40
7
47
34
47
7
15
31
16
14
7
8
19
14
22
7
11
11
14
18
9
12
46
5
27
13
11
11
9
11
35
24
25
24
7
25
12
30
25
12
14
12
12
32
14
27
11
12
8
15
46
30
11
7
30
15
50
22
41
45
12
9
29
11
11
17
13
25
7
33
10
8
15
9
25
29
12
45
10
7
23
5
9
43
53
43
29
36
14
8
37
7
10
7
6
8
11
12
16
7
11
3
8
10
18
12
36
60
20
7
19
12
11
42
40
19
27
7
7
9
13
6
37
12
7
6
5
9
54
10
6
14
12
19
5
20
9
9
17
56
10
15
8
23
19
10
25
6
13
7
26
7
26
55
14
9
23
21
21
33
6
8
37
6
8
38
3
6
8
20
15
14
11
36
7
42
6
9
28
21
20
6
40
14
27
6
31
10
17
19
7
37
9
12
37
9
5
6
6
14
7
6
9
5
5
8
43
6
42
6
18
19
16
5
12
25
39
6
11
32
37
20
9
9
0
38
8
63
7
25
26
50
13
54
19
12
7
11
13
10
10
42
51
10
11
8
51
28
10
7
47
7
10
12
8
27
20
9
29
40
20
9
27
15
7
8
6
8
7
18
41
6
26
7
6
28
17
9
9
22
16
23
47
18
25
52
34
30
53
18
65
4
13
17
5
17
6
16
6
43
22
21
7
14
19
6
17
6
48
10
8
1
15
26
24
15
15
12
6
6
6
14
9
15
3
6
6
6
6
46
6
5
6
5
34
11
6
6
4
6
21
14
3
8
37
5
27
9
9
6
6
7
13
5
9
8
35
13
31
7
6
9
5
9
10
12
46
21
15
39
11
5
6
5
41
43
5
7
16
19
6
2
15
17
5
9
20
8
17
9
6
18
7
5
5
5
5
11
3
1
19
5
14
21
6
21
58
5
5
20
18
16
5
13
5
18
10
8
3
4
3
5
26
22
18
5
5
5
12
17
45
4
5
12
4
5
5
3
5
5
7
20
6
4
24
5
5
5
8
13
43
15
24
16
5
2
5
5
5
5
14
5
5
6
31
5
5
18
11
5
5
15
7
27
23
40
3
2
4
5
8
8
4
5
2
32
4
17
18
11
5
5
5
8
4
3
34
4
13
7
5
28
47
2
3
33
3
34
9
4
17
4
4
5
13
5
40
9
4
5
9
2
17
25
4
24
2
3
4
2
3
5
31
27
4
26
4
36
4
22
4
17
23
4
4
6
5
17
20
6
13
20
4
7
23
8
4
14
4
4
5
5
4
4
10
14
10
18
3
21
25
4
7
5
4
50
2
6
1
22
1
4
3
18
6
3
3
7
13
2
6
2
18
36
32
1
5
3
4
2
3
4
2
6
3
2
10
65
4
13
4
10
7
13
3
3
18
2
40
3
18
23
23
7
6
3
2
6
2
13
3
3
3
16
26
49
42
6
2
3
26
9
27
2
10
3
4
4
5
3
47
6
3
3
7
1
5
10
5
8
6
3
3
3
4
3
20
3
9
9
8
4
2
16
3
3
6
4
3
6
3
3
1
3
3
3
2
1
2
3
5
3
2
3
3
13
3
24
3
3
9
9
2
1
3
20
10
24
6
3
3
3
3
3
2
25
3
3
27
23
19
0
26
40
51
2
3
25
10
2
16
5
16
3
3
18
3
8
6
13
26
17
29
4
3
3
13
0
0
2
3
2
2
38
20
3
2
2
2
0
0
2
7
1
37
0
2
2
10
2
2
1
4
11
2
3
2
2
3
15
2
22
2
2
0
21
2
11
2
3
4
2
2
2
17
7
8
3
7
2
2
2
2
3
2
1
2
1
1
1
2
0
1
0
1
2
2
1
2
2
7
3
2
24
18
10
4
3
2
1
9
9
8
1
2
21
12
11
2
2
0
36
11
8
8
7
6
4
23
14
10
35
1
2
9
5
1
2
2
2
15
10
2
18
19
2
40
0
1
33
43
2
2
2
2
1
2
20
23
1
28
1
15
16
39
2
1
4
1
33
50
1
1
1
37
1
47
1
1
13
7
1
1
7
21
13
14
7
23
7
28
6
1
41
2
1
17
12
22
4
16
1
17
1
1
15
7
1
1
39
17
6
1
1
4
6
1
1
1
18
40
6
1
1
1
4
2
5
1
2
15
16
1
1
2
46
4
1
4
1
3
2
1
23
40
1
17
36
31
15
26
10
2
1
1
1
22
5
2
1
1
19
6
32
1
1
22
25
1
15
1
27
1
1
1
1
15
15
1
11
6
1
14
1
1
17
18
0
3
1
1
1
1
1
1
3
18
23
1
2
1
1
1
1
19
1
7
1
1
1
1
2
1
1
1
2
1
8
4
1
1
1
1
35
14
10
20
16
1
12
12
21
6
14
42
47
45
38
20
17
1
1
4
43
14
25
19
6
11
26
19
1
1
1
1
1
14
1
1
1
41
1
21
1
37
1
28
16
23
6
11
1
1
47
19
32
4
0
0
27
28
12
0
4
51
1
0
1
44
0
0
8
19
3
11
0
0
2
3
30
0
3
0
13
2
0
0
47
0
15
44
42
22
2
3
8
1
0
0
2
0
0
17
4
2
0
0
13
0
19
1
0
16
21
14
15
28
37
12
1
21
27
1
17
14
17
13
14
2
0
23
34
3
10
0
0
0
0
0
20
8
0
0
19
30
23
27
7
6
0
49
16
4
7
30
1
19
5
46
9
5
11
3
0
0
0
0
0
19
7
12
5
0
2
0
0
0
11
21
4
27
6
0
0
2
3
0
41
23
11
10
7
1
0
7
0
17
15
28
19
41
0
20
2
41
9
46
4
26
1
7
7
0
4
0
0
0
10
2
0
35
0
1
3
0
0
4
7
0
0
1
37
1
0
0
9
16
0
0
0
0
0
19
1
0
0
1
4
0
13
2
4
0
0
0
1
13
0
11
0
25
0
0
0
1
0
0
7
9
10
0
3
0
0
0
0
38
32
7
