13
19
17
6
10
14
16
8
15
8
8
11
8
12
10
11
11
6
10
8
7
37
8
39
9
7
11
12
6
10
7
8
7
11
17
35
35
40
34
42
38
30
25
32
53
56
41
41
36
28
41
36
26
52
54
35
39
52
46
30
56
46
33
41
45
47
56
47
58
62
49
50
53
33
42
-4
38
45
48
52
41
54
38
26
21
14
40
18
45
41
14
38
41
11
18
30
23
25
34
44
19
20
19
15
22
27
14
18
14
48
16
13
26
19
25
20
28
37
19
31
28
36
37
14
16
35
38
13
25
43
16
22
24
46
44
15
38
23
36
22
37
15
27
17
13
46
21
44
22
49
18
25
30
48
15
38
27
38
21
47
61
33
15
16
11
15
17
24
16
21
37
18
34
17
16
28
15
15
12
14
51
12
23
48
20
20
38
16
49
39
47
42
9
22
59
15
13
24
44
23
46
15
18
20
50
39
9
19
26
55
22
30
22
35
46
28
28
43
45
45
20
32
10
27
22
21
22
18
11
27
39
34
15
19
29
13
19
19
22
35
24
25
22
20
43
48
26
19
15
13
22
42
21
53
12
33
12
57
16
39
15
13
15
42
40
29
18
33
40
40
25
34
40
14
25
47
43
13
19
11
40
18
34
29
39
23
46
54
37
16
14
26
40
29
24
35
14
17
31
36
41
23
46
44
23
30
32
27
15
12
19
16
19
45
38
22
28
17
10
41
36
10
16
34
35
21
11
45
44
32
27
4
15
49
32
33
34
22
20
47
47
17
15
18
25
13
32
22
17
49
15
22
23
16
16
21
13
25
27
32
23
43
24
21
35
37
24
38
16
14
41
23
13
21
25
19
47
39
41
12
25
36
39
26
26
25
22
24
25
25
22
11
20
15
18
33
35
11
13
43
40
25
4
18
24
39
10
23
25
16
41
30
31
25
13
9
19
15
22
20
35
39
33
38
23
23
19
18
19
30
23
13
13
34
20
34
30
18
31
22
20
20
26
24
28
35
16
24
37
12
14
40
25
28
28
13
11
17
25
14
21
42
17
20
49
46
44
51
31
28
39
54
43
18
22
43
47
43
44
39
43
49
43
41
54
49
49
26
46
56
50
53
46
48
47
46
38
50
37
42
29
15
36
39
21
38
38
26
35
40
34
56
41
38
43
32
38
39
39
33
21
36
43
30
8
18
14
14
39
13
47
43
48
18
22
16
16
38
17
38
40
17
42
43
52
38
50
27
30
32
10
10
9
11
9
12
15
4
6
9
6
7
8
11
12
12
11
2
12
4
15
7
10
9
7
10
15
11
3
4
13
27
10
14
17
13
9
10
19
19
13
-2
9
10
10
12
10
37
24
14
12
38
17
0
16
29
14
28
16
10
43
22
14
15
39
40
12
34
18
43
34
38
14
22
20
15
14
6
8
7
7
7
29
48
48
47
38
23
50
41
23
31
28
39
56
45
35
23
62
33
16
30
34
16
49
31
43
46
37
42
38
23
41
21
49
56
22
58
45
45
31
52
44
49
50
36
48
41
25
36
35
54
48
36
30
37
48
49
21
32
38
46
49
45
48
41
38
36
20
55
57
28
29
41
21
43
35
32
33
21
53
47
22
53
56
37
51
23
25
45
29
43
47
44
15
16
54
38
24
30
15
16
14
38
31
10
14
15
16
24
20
17
24
38
12
34
14
17
34
45
47
38
57
18
34
25
37
40
30
15
39
36
18
22
10
42
15
53
44
19
23
20
46
50
50
25
31
36
12
19
20
19
30
31
31
16
17
25
24
20
26
38
42
28
23
14
26
13
10
13
10
22
19
13
10
27
22
12
21
17
19
8
17
14
13
16
11
11
12
31
42
30
14
34
14
20
13
13
15
18
11
10
26
20
23
27
14
17
28
30
32
35
27
33
52
35
23
11
38
19
22
36
16
30
22
13
31
48
41
21
22
26
11
14
15
38
39
35
42
48
33
9
31
17
22
37
4
6
19
10
25
9
14
10
15
5
5
13
16
16
7
14
34
6
13
21
8
27
20
37
41
7
20
6
4
34
24
41
5
5
20
30
4
27
8
4
39
4
17
5
41
5
12
9
11
10
26
11
13
5
44
21
15
14
24
7
41
14
6
5
20
40
8
25
3
31
4
52
6
5
9
19
2
13
12
8
5
6
0
17
17
18
15
41
7
21
29
8
5
13
9
5
10
8
20
13
7
20
34
8
5
22
5
28
6
6
10
25
48
21
11
8
6
27
30
42
5
29
4
45
9
44
5
33
30
4
37
41
14
8
13
15
12
10
24
7
31
16
6
6
30
7
4
3
12
24
12
5
42
25
31
6
18
16
16
47
4
12
3
8
5
26
15
7
10
23
25
21
5
12
32
5
53
5
24
60
19
6
17
23
11
38
46
47
18
18
44
8
8
8
6
9
9
12
9
20
6
4
5
5
5
37
26
10
16
6
5
36
8
8
6
9
9
14
25
7
23
8
4
6
36
40
5
6
6
8
7
4
4
1
4
13
10
30
4
4
5
9
3
50
30
4
6
18
4
5
7
3
8
2
23
6
5
14
11
11
10
16
4
3
18
10
1
6
8
3
32
23
33
9
31
16
13
46
42
51
36
13
6
21
2
40
6
26
39
48
-4
10
18
6
29
8
25
27
44
13
11
9
17
45
30
45
13
52
55
30
26
28
11
8
12
9
37
50
50
9
29
47
27
30
27
38
16
43
8
6
17
1
8
11
28
14
6
42
42
45
12
18
30
36
28
22
47
8
7
42
31
52
13
9
5
5
55
13
15
46
24
2
12
23
15
11
48
26
13
47
42
14
55
50
9
35
13
9
30
31
5
13
5
13
40
36
18
30
28
10
12
5
20
45
22
18
31
9
9
6
48
22
30
7
19
5
31
35
52
17
53
7
56
57
49
19
17
12
7
33
29
27
16
26
13
24
13
3
31
37
6
16
6
6
3
5
21
44
8
12
30
23
19
3
17
33
3
20
5
31
4
13
5
5
20
12
51
11
30
34
21
3
18
15
25
22
14
5
3
3
17
33
22
13
14
17
3
8
7
3
21
7
8
11
10
5
19
6
4
60
3
2
11
4
11
12
11
8
9
16
15
19
26
32
27
10
11
44
47
15
35
11
9
4
6
3
48
4
19
12
2
41
5
11
7
1
4
9
4
38
23
8
14
21
15
28
44
3
11
36
3
43
30
43
3
11
27
12
10
3
4
15
10
18
3
7
7
10
14
5
8
42
1
23
9
7
7
5
7
31
20
21
20
3
21
8
26
21
8
10
8
8
28
10
23
7
8
4
11
42
26
7
3
26
11
46
18
37
41
8
5
25
7
7
13
9
21
3
29
6
4
11
5
21
25
8
41
6
3
19
1
5
39
49
39
25
32
10
4
33
3
6
3
2
4
7
8
12
3
7
-1
4
6
14
8
32
56
16
3
15
8
7
38
36
15
23
3
3
5
9
2
33
8
3
2
1
5
50
6
2
10
8
15
1
16
5
5
13
52
6
11
4
19
15
6
21
2
9
3
22
3
22
51
10
5
19
17
17
29
2
4
33
2
4
34
-1
2
4
16
11
10
7
32
3
38
2
5
24
17
16
2
36
10
23
2
27
6
13
15
3
33
5
8
33
5
1
2
2
10
3
2
5
1
1
4
39
2
38
2
14
15
12
1
8
21
35
2
7
28
33
16
5
5
-4
34
4
59
3
21
22
46
9
50
15
8
3
7
9
6
6
38
47
6
7
4
47
24
6
3
43
3
6
8
4
23
16
5
25
36
16
5
23
11
3
4
2
4
3
14
37
2
22
3
2
24
13
5
5
18
12
19
43
14
21
48
30
26
49
14
61
0
9
13
1
13
2
12
2
39
18
17
3
10
15
2
13
2
44
6
4
-3
11
22
20
11
11
8
2
2
2
10
5
11
-1
2
2
2
2
42
2
1
2
1
30
7
2
2
0
2
17
10
-1
4
33
1
23
5
5
2
2
3
9
1
5
4
31
9
27
3
2
5
1
5
6
8
42
17
11
35
7
1
2
1
37
39
1
3
12
15
2
-2
11
13
1
5
16
4
13
5
2
14
3
1
1
1
1
7
-1
-3
15
1
10
17
2
17
54
1
1
16
14
12
1
9
1
14
6
4
-1
0
-1
1
22
18
14
1
1
1
8
13
41
0
1
8
0
1
1
-1
1
1
3
16
2
0
20
1
1
1
4
9
39
11
20
12
1
-2
1
1
1
1
10
1
1
2
27
1
1
14
7
1
1
11
3
23
19
36
-1
-2
0
1
4
4
0
1
-2
28
0
13
14
7
1
1
1
4
0
-1
30
0
9
3
1
24
43
-2
-1
29
-1
30
5
0
13
0
0
1
9
1
36
5
0
1
5
-2
13
21
0
20
-2
-1
0
-2
-1
1
27
23
0
22
0
32
0
18
0
13
19
0
0
2
1
13
16
2
9
16
0
3
19
4
0
10
0
0
1
1
0
0
6
10
6
14
-1
17
21
0
3
1
0
46
-2
2
-3
18
-3
0
-1
14
2
-1
-1
3
9
-2
2
-2
14
32
28
-3
1
-1
0
-2
-1
0
-2
2
-1
-2
6
61
0
9
0
6
3
9
-1
-1
14
-2
36
-1
14
19
19
3
2
-1
-2
2
-2
9
-1
-1
-1
12
22
45
38
2
-2
-1
22
5
23
-2
6
-1
0
0
1
-1
43
2
-1
-1
3
-3
1
6
1
4
2
-1
-1
-1
0
-1
16
-1
5
5
4
0
-2
12
-1
-1
2
0
-1
2
-1
-1
-3
-1
-1
-1
-2
-3
-2
-1
1
-1
-2
-1
-1
9
-1
20
-1
-1
5
5
-2
-3
-1
16
6
20
2
-1
-1
-1
-1
-1
-2
21
-1
-1
23
19
15
-4
22
36
47
-2
-1
21
6
-2
12
1
12
-1
-1
14
-1
4
2
9
22
13
25
0
-1
-1
9
-4
-4
-2
-1
-2
-2
34
16
-1
-2
-2
-2
-4
-4
-2
3
-3
33
-4
-2
-2
6
-2
-2
-3
0
7
-2
-1
-2
-2
-1
11
-2
18
-2
-2
-4
17
-2
7
-2
-1
0
-2
-2
-2
13
3
4
-1
3
-2
-2
-2
-2
-1
-2
-3
-2
-3
-3
-3
-2
-4
-3
-4
-3
-2
-2
-3
-2
-2
3
-1
-2
20
14
6
0
-1
-2
-3
5
5
4
-3
-2
17
8
7
-2
-2
-4
32
7
4
4
3
2
0
19
10
6
31
-3
-2
5
1
-3
-2
-2
-2
11
6
-2
14
15
-2
36
-4
-3
29
39
-2
-2
-2
-2
-3
-2
16
19
-3
24
-3
11
12
35
-2
-3
0
-3
29
46
-3
-3
-3
33
-3
43
-3
-3
9
3
-3
-3
3
17
9
10
3
19
3
24
2
-3
37
-2
-3
13
8
18
0
12
-3
13
-3
-3
11
3
-3
-3
35
13
2
-3
-3
0
2
-3
-3
-3
14
36
2
-3
-3
-3
0
-2
1
-3
-2
11
12
-3
-3
-2
42
0
-3
0
-3
-1
-2
-3
19
36
-3
13
32
27
11
22
6
-2
-3
-3
-3
18
1
-2
-3
-3
15
2
28
-3
-3
18
21
-3
11
-3
23
-3
-3
-3
-3
11
11
-3
7
2
-3
10
-3
-3
13
14
-4
-1
-3
-3
-3
-3
-3
-3
-1
14
19
-3
-2
-3
-3
-3
-3
15
-3
3
-3
-3
-3
-3
-2
-3
-3
-3
-2
-3
4
0
-3
-3
-3
-3
31
10
6
16
12
-3
8
8
17
2
10
38
43
41
34
16
13
-3
-3
0
39
10
21
15
2
7
22
15
-3
-3
-3
-3
-3
10
-3
-3
-3
37
-3
17
-3
33
-3
24
12
19
2
7
-3
-3
43
15
28
0
-4
-4
23
24
8
-4
0
47
-3
-4
-3
40
-4
-4
4
15
-1
7
-4
-4
-2
-1
26
-4
-1
-4
9
-2
-4
-4
43
-4
11
40
38
18
-2
-1
4
-3
-4
-4
-2
-4
-4
13
0
-2
-4
-4
9
-4
15
-3
-4
12
17
10
11
24
33
8
-3
17
23
-3
13
10
13
9
10
-2
-4
19
30
-1
6
-4
-4
-4
-4
-4
16
4
-4
-4
15
26
19
23
3
2
-4
45
12
0
3
26
-3
15
1
42
5
1
7
-1
-4
-4
-4
-4
-4
15
3
8
1
-4
-2
-4
-4
-4
7
17
0
23
2
-4
-4
-2
-1
-4
37
19
7
6
3
-3
-4
3
-4
13
11
24
15
37
-4
16
-2
37
5
42
0
22
-3
3
3
-4
0
-4
-4
-4
6
-2
-4
31
-4
-3
-1
-4
-4
0
3
-4
-4
-3
33
-3
-4
-4
5
12
-4
-4
-4
-4
-4
15
-3
-4
-4
-3
0
-4
9
-2
0
-4
-4
-4
-3
9
-4
7
-4
21
-4
-4
-4
-3
-4
-4
3
5
6
-4
-1
-4
-4
-4
-4
34
28
3
