4
5
7
8
10
12
13
17
18
21
22
27
28
29
30
31
32
33
34
39
44
46
47
48
51
57
60
62
69
72
73
75
76
83
86
88
93
94
95
96
99
101
102
104
111
120
121
123
124
125
127
131
132
133
134
135
137
138
139
140
144
157
158
166
167
168
171
178
180
181
182
185
188
189
190
192
193
194
198
202
204
206
207
208
210
211
212
213
216
220
222
223
226
227
228
229
231
232
236
237
241
243
244
245
247
252
253
255
258
263
265
267
268
269
270
271
274
277
279
280
281
282
284
285
286
291
292
293
295
301
302
303
304
305
306
309
312
313
314
315
316
317
318
320
323
325
326
328
329
330
332
333
334
337
340
342
343
344
345
346
351
354
356
358
359
360
362
363
364
366
367
370
373
376
377
380
382
383
385
387
390
393
396
397
400
401
402
403
408
410
414
415
417
421
424
426
430
431
433
434
437
438
439
441
443
446
448
449
450
453
454
455
456
458
460
461
463
464
466
467
468
470
471
473
474
475
476
477
478
479
486
487
489
490
491
494
495
496
497
499
500
501
503
504
505
506
507
513
514
515
516
518
519
521
522
524
526
527
528
529
530
531
532
533
535
536
537
540
541
542
543
544
545
547
548
549
551
552
553
554
555
559
561
563
564
565
567
568
569
575
578
580
581
582
584
585
587
588
589
592
593
597
598
599
606
614
615
617
618
619
620
621
622
623
628
633
634
635
637
638
641
642
648
651
653
654
656
657
658
662
663
665
666
667
669
670
673
674
675
679
682
683
687
690
692
694
696
697
698
699
700
701
705
708
714
716
717
718
720
722
723
727
728
730
731
732
733
735
736
737
738
741
742
744
745
747
748
750
753
755
756
758
761
762
763
764
765
766
768
769
771
772
773
774
776
780
783
786
791
793
797
800
802
804
805
806
807
808
809
810
812
815
822
823
830
831
842
845
848
852
859
864
865
866
867
868
869
873
877
878
879
882
884
888
890
891
893
895
897
902
907
909
911
912
913
916
917
924
925
926
927
929
931
933
934
935
937
938
939
941
944
945
969
971
972
973
974
976
977
979
980
983
984
985
987
990
991
993
994
996
997
998
999
1001
1003
1006
1008
1009
1012
1013
1014
1018
1024
1026
1027
1030
1033
1034
1035
1037
1039
1040
1041
1042
1043
1044
1046
1047
1049
1056
1058
1061
1065
1066
1067
1072
1074
1075
1078
1079
1080
1081
1084
1085
1086
1088
1089
1092
1094
1096
1097
1100
1102
1103
1105
1106
1107
1112
1118
1119
1120
1121
1123
1124
1125
1128
1130
1131
1132
1134
1135
1138
1142
1144
1145
1149
1151
1168
1177
1178
1191
1193
1195
1197
1214
1229
1231
1237
1255
1260
1263
1272
1274
1279
1282
1287
1288
1290
1291
1294
1296
1300
1304
1310
1311
1312
1317
1327
1334
1335
1337
1339
1340
1343
1346
1351
1352
1358
1360
1361
1363
1364
1365
1370
1371
1372
1373
1375
1380
1381
1391
1396
1398
1406
1407
1410
1425
1433
1434
1435
1436
1455
1467
1469
1477
1480
1484
1486
1491
1492
1494
1505
1506
1509
1510
1514
1516
1517
1520
1521
1524
1527
1529
1533
1540
1541
1542
1545
1552
1553
1557
1560
1561
1562
1563
1564
1565
1566
1569
1571
1573
1579
1581
1587
1594
1595
1601
1603
1605
1606
1608
1611
1616
1628
1629
1630
1633
1635
1636
1639
1641
1646
1648
1650
1653
1658
1659
1661
1664
1667
1668
1669
1670
1671
1673
1674
1677
1678
1679
1681
1682
1683
1686
1687
1688
1692
1693
1694
1697
1701
1702
1703
1705
1714
1719
1720
1721
1723
1730
1734
1740
1742
1743
1751
1756
1760
1763
1765
1775
1778
1780
1781
1783
1786
1788
1792
1807
1808
1809
1812
1824
1828
1831
1834
1835
1841
1842
1843
1850
1852
1853
1856
1858
1859
1863
1864
1878
1886
1891
1905
1907
1908
1909
1910
1913
1916
1917
1924
1925
1926
1927
1928
1929
1932
1933
1934
1938
1943
1944
1945
1949
1952
1957
1962
1963
1964
1965
1967
1968
1969
1970
1971
1974
1975
1979
1981
1982
1986
1992
1996
1998
2001
2005
2010
2013
2030
2033
2034
2035
2036
2038
2040
2042
2043
2044
2045
2046
2050
2051
2053
2067
2073
2082
2084
2086
2088
2103
2104
2109
2110
2111
2112
2116
2118
2120
2123
2126
2128
2129
2140
2141
2142
2147
2157
2158
2172
2173
2178
2181
2182
2199
2203
2205
2206
2207
2208
2209
2210
2211
2212
2213
2217
2218
2219
2221
2222
2224
2225
2226
2227
2228
2230
2231
2248
2252
3266
3267
3268
3412
3448
3502
3788
4038
4090
4904
5005
5009
5018
5021
5036
5052
5057
5067
5069
5070
5077
5080
5083
5137
5145
5152
5211
5229
5233
5242
5253
5254
5258
5272
5284
5286
5289
5297
5341
5343
5355
5386
5405
5418
5423
5426
5431
5446
5451
5484
5498
5502
5522
5528
5536
5544
5553
5560
5567
5579
5588
5608
5616
5636
5648
5651
5693
5706
5754
5762
5783
5825
5827
5831
5841
5845
5847
5870
5871
5892
5895
5906
5938
5946
5971
5987
5990
5992
5993
6025
6055
6056
6057
6059
6074
6095
6113
6114
6134
6141
6157
6161
6164
6179
6227
6228
6236
6248
6298
6302
6315
6322
6332
6364
6435
6439
6452
6463
6481
6482
6490
6498
6513
6519
6537
6543
6570
6646
6657
6675
6687
6705
6716
6717
6744
6759
6764
6781
6809
6865
6888
6911
6920
6951
6996
7049
7052
7054
7063
7138
7180
7189
7216
7231
7244
7273
7296
7324
7374
7376
7382
7398
7440
7450
7463
7467
7468
7481
7493
7499
7503
7517
7529
7543
7555
7563
7572
7591
7595
7600
7606
7628
7632
7651
7654
7666
7693
7698
7700
7711
7749
7758
7771
7772
7779
7784
7806
7823
7837
7866
7905
7952
7969
7975
7977
7986
8016
8023
8025
8055
8107
8133
8140
8150
8172
8192
8231
8239
8241
8246
8260
8265
8269
8278
8285
8307
8314
8338
8348
8352
8377
8380
8421
8452
8474
8490
8514
8517
8526
8528
8550
8551
8569
8595
8598
8626
8673
8680
8727
8732
8802
8809
8824
8835
8889
8904
8911
8935
8953
8954
9001
9031
9040
11046
11051
11059
11065
11071
11091
11095
11104
11105
11109
11115
11131
11132
11134
11136
11141
11149
11150
11153
11156
11160
11161
11170
11177
11180
11190
11203
11219
11229
11237
11241
11243
11250
11253
11257
11262
11272
11275
11279
11288
11293
11297
11299
11302
11303
11310
11317
11340
11347
11348
11349
11351
11355
11356
11361
11363
11371
11376
11409
11421
11422
11431
11432
11442
11444
11455
11457
11465
11474
11475
11482
11483
11484
11491
11497
11517
11538
11543
11560
11562
11567
11573
11574
11575
11576
11587
11593
11594
11596
11610
11612
11625
11631
11636
11641
11642
11643
11655
11663
11678
11679
11686
11692
11703
11728
11732
11736
11739
11743
11752
11755
11763
11776
11784
11786
11795
11802
11809
11826
11832
11833
11847
11849
11855
11867
11881
11882
11889
11893
11910
11913
11914
11919
11935
11941
11947
11949
11951
11953
11960
11966
11974
11976
11982
11985
11991
11998
11999
12000
12001
12013
12014
12019
12021
12022
12025
12039
12041
12048
12050
12057
12059
12063
12077
12088
12107
12108
12119
12127
12168
12173
12177
12181
12237
12251
12277
12289
12295
12298
12302
12308
12311
12329
12337
12338
12346
12357
12374
12380
12389
12392
12404
12405
12410
12412
12421
12429
12457
12487
12488
12490
12493
13522
13524
13525
13556
13558
13559
13566
13582
13589
13597
13605
13607
13643
13645
13648
13663
13669
13681
13692
13702
13706
13723
13732
13734
13738
13749
13757
13762
13768
13778
13780
13792
13793
13802
13805
13814
13828
13830
13835
13839
13852
13857
13866
13875
13879
13880
13889
13905
13927
13930
13934
13940
13942
13946
13949
13953
14667
14669
14671
14692
14694
14699
14729
14731
14741
14743
14763
14772
14782
14792
14797
14809
14811
14812
14813
14820
14822
14864
14888
14895
14902
14910
14914
14929
14930
14933
14935
14948
14954
14958
14961
14972
14974
14990
14992
14994
15000
15003
15006
15010
15012
15018
15020
15027
15028
15029
15036
15040
15041
15044
15046
15047
15048
15054
15056
15058
15059
15073
15080
15095
15096
15103
15104
15110
15113
15119
15120
15123
15149
15150
15160
15162
15163
15165
15181
15194
15201
15204
15231
15246
15252
15259
15273
15279
15308
15312
15315
15325
15331
15339
15365
15366
15392
15395
15401
15430
15434
15445
15459
15469
15482
15486
15492
15501
15504
15505
15507
15510
15512
15515
15520
15521
15542
15552
15555
15565
15578
15583
15586
15592
15607
15611
15617
15618
15622
15641
15650
15659
15661
15678
15684
15692
15698
15705
15711
15722
15725
15729
15736
15737
15741
15751
15759
15760
15766
15772
15781
15787
15792
15800
15814
15819
15831
15834
15850
15853
15862
15868
15872
15889
15892
15898
15899
15903
15908
15909
15910
15915
15921
15928
15939
15949
15950
15952
15955
15956
15957
15963
15964
15968
15977
15985
16015
16016
16026
16028
16032
16035
16039
16040
16043
16062
16066
16140
16257
16259
16269
16297
16300
16301
16313
16326
16329
16338
16354
16392
16411
20941
21269
21271
21286
21289
21297
21309
21313
21319
21323
21346
21350
21369
21370
21372
21375
21380
21382
21437
21580
21585
21594
21595
21613
21619
21620
21626
21639
21640
22116
22117
22118
22126
22131
22139
22141
22154
22157
22163
22164
22166
22181
22185
22186
22187
22196
22203
22214
22269
22270
22294
22335
22362
22383
22389
22416
22418
22419
22423
22437
22440
22442
22443
22460
22469
22480
22485
22486
22513
22516
22518
22522
22525
22526
22529
22532
22544
22556
22560
22574
22579
22581
22586
22589
22591
22602
22610
22625
22626
22628
22632
22640
22642
22643
22647
22653
22659
22705
22713
22716
22718
22720
22721
22741
22745
22746
22753
22754
22780
22782
22784
22794
22802
22844
22850
22864
22891
22916
22922
22959
22960
22975
22976
22978
22984
22990
22998
23004
23017
23029
23033
23043
23045
23056
23060
23065
23081
23093
23096
23098
23101
23104
23106
23124
23136
23143
23157
23159
23165
23166
23170
23171
23174
23176
23183
23189
23197
23202
23204
23205
23210
23224
23233
24230
24231
24246
24266
24273
24275
24293
24295
24296
24298
24317
24326
24334
24345
24361
24369
24379
24381
24382
24393
24402
24412
24420
24421
24513
24522
24541
24551
24775
24779
24780
24781
24793
24794
24796
24798
24804
24805
24811
24815
24816
24824
24825
24826
24827
24831
24836
24838
24839
24845
24847
24852
24903
24910
24912
24915
24920
24922
24926
24927
24932
24938
24939
24960
24965
24969
25004
25010
25015
25028
25038
25044
25047
25048
25057
25058
25077
25088
25097
25103
25110
25115
25119
25122
25163
25165
25178
25179
25182
25184
25186
25195
25227
25275
25305
25312
25333
25347
25412
25415
25426
25428
25434
25436
25439
25454
25458
25466
25468
25470
25471
25472
25481
25487
25491
25494
25501
25525
25538
25546
25553
25561
25564
25569
25571
25573
25576
25586
25596
25617
25621
25625
25628
25635
25644
25646
25648
25649
25694
25696
25701
25713
25714
25720
25728
25732
25733
25746
25759
25761
25762
25763
25764
25776
25779
25816
25818
25831
25832
25840
25842
25844
25846
25859
25860
25876
25880
25896
25902
25905
25914
25918
25923
25924
25925
25950
25953
26000
26011
26012
26014
26022
26027
26033
26040
26044
26052
26053
26054
26055
26056
26061
26063
26081
26093
26099
26104
26393
26395
26398
26406
26435
26456
26467
26475
26476
26478
26496
26501
26503
26509
26525
26528
26531
26534
26543
26552
26566
26569
26572
26579
26584
26587
26589
26595
26600
26603
26609
26615
26620
26640
26664
26665
26675
26676
26681
26691
26692
26694
26697
26698
26701
26709
26712
26715
26721
26729
26733
26734
26737
26753
26757
26764
26765
26767
26771
26773
26779
26781
26782
26796
26798
26814
26815
26820
26824
26831
26834
26852
26864
26868
26881
26883
26894
26903
26916
26926
26927
26931
26934
26935
26940
26943
26949
26950
26954
26956
26957
26959
26960
26961
26964
26966
26967
26968
26970
26974
26978
26979
26995
27002
27003
27005
27010
27014
27015
27016
27017
27020
27021
27027
27029
27030
27083
27084
27086
27090
27092
27098
27099
27102
27104
27113
27116
27119
27120
27121
27124
27127
27130
27138
27139
27151
27172
27174
27175
27176
27184
27212
27213
27215
27218
27224
27226
27234
27254
27256
27258
27259
27261
27262
27264
27272
27274
27275
27280
27286
27289
27293
27295
27300
27301
27303
27317
27325
27334
27341
27342
27343
27344
27347
27354
27355
27358
27360
27361
27362
27363
27364
27368
27371
27376
27378
27381
27383
27395
27401
27403
27406
27416
27423
27426
27433
27436
27445
27448
27456
27487
27488
27491
27503
27504
27508
27511
27514
27516
27517
27527
27533
27537
27541
27542
27549
27552
27553
27554
27555
27565
27570
27572
27575
27579
27591
27592
27597
27601
27607
27613
27620
27624
27628
27632
27641
27642
27643
27659
27660
27671
27673
27680
27684
27687
27698
27705
27710
27724
27744
27760
27761
27768
27771
27772
27777
27779
27782
27784
27785
27795
27796
27803
27810
27811
27815
27818
27828
27838
27839
27846
27848
27850
27853
27962
27967
27969
27972
27978
27979
27980
27983
27984
27988
27990
27993
27996
28007
28008
28015
28035
28038
28041
28042
28045
28046
28047
28048
28051
28057
28063
28072
28073
28087
28089
28092
28093
28096
28101
28103
28105
28107
28109
28110
28116
28119
28123
28127
28135
28136
28141
28144
28155
28156
28157
28159
28163
28166
28172
28175
28182
28196
28197
28199
28200
28205
28211
28214
28223
28224
28225
28231
28246
28256
28257
28258
28268
28273
28279
28280
28283
28284
28286
28289
28290
28291
28292
28293
28294
28297
28299
28300
28302
28306
28309
28310
28320
28330
28331
28335
28339
28342
28346
28358
28361
28364
28368
28369
28376
28386
28389
28390
28393
28396
28399
28403
28408
28413
28422
28423
28424
28429
28430
28432
28433
28434
28435
28448
28488
28489
28492
28493
28496
28501
28505
28513
28515
28516
28517
28522
28527
28530
28533
28536
28539
28545
28552
28555
28556
28557
28564
28566
28567
28575
28576
28582
28592
28597
28605
28607
28614
28615
28616
28618
28621
28624
28625
28627
28629
28630
28651
28653
28654
28655
28662
28668
28669
28671
28674
28675
28683
28685
28686
28689
28699
28702
28704
28707
28708
28713
28714
28716
28723
28729
28731
28733
28734
28745
28752
28754
28758
28760
28763
28768
28771
28773
28782
28786
28791
28796
28802
28806
28807
28809
28814
28816
28817
28818
28825
28842
28844
28845
28848
28853
28859
28860
28861
28862
28863
28864
28865
28867
28871
28873
28874
28875
28876
28883
28884
28902
28903
28926
28952
28955
28964
28965
28971
28972
28975
28976
28981
28982
28985
28986
28989
28996
28999
29001
29002
29005
29008
29020
29021
29022
29024
29026
29028
29031
29032
29034
29039
29040
29042
29043
29044
29047
29052
29056
29063
29064
29076
29078
29083
29087
29090
29093
29106
29109
29110
29111
29120
29121
29125
29126
29130
29144
29145
29147
29151
29155
29159
29160
29173
29174
29189
29192
29195
29196
29197
29198
29199
29200
29210
29212
29216
29223
29226
29228
29229
29244
29245
29253
29260
29261
29268
29269
29283
29284
29290
29298
29299
29301
29308
29311
29313
29314
29315
29316
29317
29319
29322
29323
29327
29328
29329
29330
29331
29332
29333
29334
29335
29341
29342
29343
29344
29345
29346
29347
29349
29350
29356
29358
29359
29362
29368
29374
29380
29382
29384
29387
29391
29395
29397
29401
29411
29413
29419
29420
29421
29424
29426
29428
29430
29436
29437
29438
29439
29444
29447
29448
29455
29460
29462
29467
29472
29474
29475
29477
29480
29483
29488
29489
29494
29495
29496
29507
29508
29509
29511
29512
29523
29524
29528
29529
29539
29542
29547
29552
29556
29557
29560
29568
29569
29572
29574
29581
29582
29583
29588
29594
29597
29598
29601
29607
29611
29612
29616
29619
29620
29623
29624
29627
29629
29635
29637
29638
29643
29660
29668
29673
29678
29687
29689
29698
29718
29721
29730
29731
29735
29736
29744
29746
29751
29752
29753
29755
29763
29764
29765
29771
29772
29776
29790
29793
29797
29800
29813
29819
29820
29828
29830
29831
29832
29834
29837
29839
29842
29847
29848
29850
29862
29880
29883
29884
29894
29907
29919
29922
