1
1
2
2
2
2
2
3
4
4
4
5
5
5
5
5
5
5
5
6
7
7
8
8
9
10
10
9
11
11
11
11
11
6
12
1
2
2
1
2
3
3
3
3
13
10
10
14
15
16
13
17
16
5
5
18
8
8
8
8
5
13
13
4
7
13
7
4
4
7
1
13
19
16
20
13
10
8
21
14
17
17
16
5
2
20
20
3
22
4
3
19
20
1
1
1
1
1
1
1
1
1
1
1
1
1
1
1
1
1
1
1
1
1
1
1
1
1
23
1
1
1
1
1
6
1
23
2
2
2
2
2
2
2
2
2
24
2
2
17
2
2
2
2
2
2
2
2
2
2
2
2
2
2
2
2
2
2
2
2
3
3
3
3
3
3
3
3
3
16
3
3
3
3
3
3
3
3
25
3
19
19
19
19
19
19
19
19
19
19
19
19
19
19
4
4
11
4
4
26
4
4
4
4
4
4
4
4
4
4
18
4
4
4
4
4
4
4
4
4
4
4
20
27
27
27
27
27
27
27
27
27
27
27
27
27
27
27
27
27
27
27
27
27
27
27
27
27
27
27
27
27
27
5
5
5
18
5
5
5
5
5
5
5
5
5
5
5
5
5
5
5
5
5
5
5
5
5
5
5
5
5
5
20
20
20
20
4
17
20
20
20
20
20
20
20
20
20
20
20
20
6
17
6
6
6
6
6
6
6
6
6
6
6
6
6
6
6
7
7
7
7
7
7
7
7
7
7
7
7
7
7
7
7
7
7
8
8
8
8
8
8
7
8
8
8
8
8
8
8
8
8
8
9
9
9
9
9
3
3
3
3
16
9
9
9
9
9
9
9
9
11
9
10
10
10
10
10
10
10
10
10
10
10
10
10
10
10
10
16
10
10
10
10
10
10
10
8
8
8
8
8
11
11
11
11
11
11
11
11
11
9
11
11
11
11
28
28
28
28
28
14
14
25
25
25
25
25
25
25
25
25
25
15
15
15
6
15
15
15
15
6
16
15
15
15
17
8
11
6
20
21
21
21
21
21
21
21
12
12
12
12
6
27
1
1
1
17
1
1
1
2
2
3
3
3
3
19
19
19
16
18
4
4
4
16
27
27
27
27
5
5
16
20
7
7
7
8
9
9
9
9
10
10
10
10
8
29
11
11
11
25
15
15
21
21
12
2
3
4
20
6
16
9
20
6
30
23
23
23
18
5
18
18
22
5
17
18
31
1
13
7
1
13
4
7
13
1
13
1
17
1
1
32
1
1
2
17
1
3
33
17
22
18
17
5
20
7
7
34
17
17
20
5
15
18
35
17
17
17
17
23
5
17
18
18
20
18
18
23
13
13
13
7
19
4
13
36
36
1
1
1
1
1
37
2
2
2
2
3
17
5
1
1
19
5
17
18
1
13
13
13
7
36
25
25
25
25
25
25
21
21
37
1
1
1
1
1
1
1
1
1
6
2
2
2
3
3
3
3
3
19
19
19
13
19
19
4
16
4
4
4
4
4
4
27
27
27
5
5
5
18
5
5
20
6
6
6
6
6
6
7
7
7
7
7
7
7
7
7
7
8
8
8
8
8
8
8
9
9
9
9
9
3
10
10
10
10
10
10
25
8
8
16
8
11
28
14
14
14
15
3
15
21
21
1
17
2
2
3
4
4
4
17
5
20
20
20
5
17
7
20
17
20
5
18
4
18
4
20
22
22
18
17
17
17
18
1
31
7
19
1
1
1
1
1
1
1
1
2
2
2
2
2
2
2
2
2
3
3
3
3
19
19
19
4
4
4
4
4
27
27
27
16
27
27
27
27
27
27
27
27
5
5
20
6
6
9
3
38
9
9
9
27
15
30
10
10
10
8
8
29
39
11
24
11
11
11
14
14
14
14
40
25
25
25
25
25
25
25
25
25
15
25
25
25
25
38
41
15
15
15
25
25
3
40
21
21
21
21
21
21
21
21
21
21
21
21
21
21
21
21
12
12
12
36
29
35
1
4
11
6
19
25
19
19
25
20
20
10
20
14
33
27
18
40
5
18
23
42
11
5
17
17
25
16
4
2
20
10
27
4
2
17
8
9
20
22
38
37
17
23
8
6
14
17
1
23
18
11
33
4
15
9
16
7
14
19
19
17
11
13
7
37
17
39
13
16
17
20
2
33
12
25
17
17
7
17
5
1
9
15
30
1
13
11
17
2
19
33
38
25
23
10
1
2
19
27
8
8
30
17
20
23
8
20
3
2
17
2
25
7
20
17
21
37
17
25
22
43
1
17
33
7
1
19
7
33
3
17
1
1
44
18
43
5
1
5
11
2
1
5
39
17
7
11
23
17
4
20
4
1
33
43
19
22
45
46
38
20
17
37
30
2
7
20
1
34
7
2
19
1
37
1
33
5
17
8
8
22
21
7
13
4
33
1
44
7
11
4
21
7
4
26
18
20
14
25
33
10
22
22
1
33
11
7
7
18
5
18
17
11
11
43
21
15
37
33
5
5
33
21
17
20
33
33
17
18
47
2
33
25
2
15
37
5
5
7
1
1
36
11
4
3
35
4
20
17
18
17
14
2
30
9
15
20
20
15
20
7
15
10
17
22
20
13
11
6
15
10
11
13
13
47
17
4
3
15
3
36
7
7
20
15
25
6
13
12
20
31
5
9
28
1
13
11
18
11
15
4
10
1
48
27
1
7
20
33
46
18
17
17
13
27
23
7
36
3
21
32
23
8
17
4
33
2
21
2
11
4
6
4
49
33
1
1
3
32
15
1
4
27
16
13
2
18
15
27
13
11
20
19
19
17
17
17
23
35
4
17
19
1
37
25
17
1
13
1
1
27
17
1
14
3
25
28
13
8
13
22
20
20
1
23
5
47
4
15
12
5
27
10
15
10
2
7
8
50
3
7
23
5
17
4
14
17
17
46
9
3
8
11
3
10
33
28
2
25
1
1
3
25
4
44
20
7
8
1
19
29
17
8
1
9
15
18
25
3
19
25
1
7
8
17
10
15
5
1
33
1
19
1
5
2
5
40
2
8
2
30
20
5
21
21
38
51
8
1
27
21
25
1
19
4
12
27
20
35
27
4
9
19
1
18
15
7
17
52
20
5
3
27
14
3
10
7
8
15
25
6
10
3
20
19
15
30
27
25
18
10
27
22
5
25
5
3
22
3
20
3
30
22
25
3
20
9
2
19
20
3
1
20
14
1
1
25
48
27
9
27
17
16
8
8
53
25
17
46
4
25
20
20
3
10
20
10
20
14
31
6
20
25
13
20
20
3
8
25
8
17
25
17
25
15
3
1
20
25
11
7
38
20
10
17
2
19
2
10
19
38
19
19
6
38
23
2
8
24
16
23
10
17
33
30
1
36
38
17
1
4
9
1
3
23
3
1
38
9
23
5
27
6
3
10
1
37
16
1
46
1
11
25
15
3
19
15
5
18
8
20
4
7
12
8
10
17
4
4
17
2
4
17
23
24
1
54
4
2
2
31
17
17
17
2
10
17
25
4
17
1
27
3
11
17
4
17
17
14
14
13
1
1
15
1
10
31
17
20
9
21
3
11
8
1
1
29
33
2
1
14
4
30
17
19
27
15
1
27
17
17
4
16
1
15
1
25
2
31
49
1
21
25
1
20
7
8
2
17
4
16
20
19
1
9
21
10
19
3
22
2
21
55
9
7
9
20
17
15
1
3
3
56
3
25
1
21
20
15
20
13
17
57
25
18
25
58
15
2
1
17
33
2
4
33
16
1
1
2
25
7
31
7
59
1
18
15
18
20
19
20
36
14
3
8
1
19
15
13
17
17
12
6
25
38
17
2
5
19
7
16
2
19
10
11
17
19
4
1
17
3
2
1
25
20
33
2
3
1
17
47
1
33
3
35
21
20
25
4
10
25
14
17
30
1
25
25
33
3
21
8
27
1
17
2
20
51
25
1
18
17
3
11
2
17
8
4
22
9
17
10
1
4
9
1
33
10
10
2
1
10
18
28
3
10
1
3
10
7
18
17
3
51
8
7
30
5
4
25
4
17
17
14
17
52
17
10
10
47
38
17
27
35
31
17
7
59
17
30
7
19
25
25
5
5
9
15
27
19
16
30
12
16
25
1
1
27
21
8
34
3
3
27
8
21
8
10
27
11
3
39
20
20
16
31
31
49
19
8
8
30
21
1
17
1
1
10
18
47
4
14
30
20
17
14
20
20
15
21
18
1
36
20
17
11
10
2
27
7
17
4
2
8
57
10
17
15
10
4
10
33
12
1
38
17
23
10
9
17
3
19
38
7
38
7
44
15
17
1
33
17
19
22
19
15
8
13
23
20
17
7
10
4
15
19
1
4
3
3
20
18
17
17
20
20
2
17
17
7
33
17
17
33
15
4
3
5
38
6
31
59
6
20
5
29
38
39
2
17
1
29
6
7
20
3
6
19
6
5
27
27
14
5
6
25
21
1
60
33
9
25
15
61
27
3
38
1
11
18
3
4
1
33
62
19
3
33
25
63
20
10
3
38
10
17
51
9
8
2
38
63
40
18
22
25
17
57
22
17
19
15
18
27
4
20
20
1
19
17
17
2
10
27
27
35
3
35
17
11
8
22
15
1
1
10
20
20
20
20
11
23
8
38
17
17
17
60
7
19
19
8
8
2
9
13
7
1
9
3
17
3
22
25
25
25
10
7
8
10
8
21
17
17
18
4
7
35
18
18
18
11
17
1
18
33
11
17
58
31
9
8
8
20
35
17
3
18
17
17
10
8
1
17
20
4
10
19
8
3
25
2
3
25
1
3
20
4
21
15
17
6
7
3
12
15
27
33
64
8
19
3
3
16
15
25
15
1
17
16
5
2
15
5
15
20
17
5
7
13
13
13
17
17
5
52
7
8
5
17
17
17
17
13
13
20
13
38
23
18
52
13
10
10
13
17
2
1
17
17
20
27
13
20
25
4
22
17
2
3
10
61
25
25
5
2
25
8
5
8
33
31
3
33
17
7
19
8
11
3
14
3
19
25
20
9
16
25
38
15
63
20
20
3
19
4
17
4
20
4
18
23
4
17
17
20
10
17
6
2
1
1
1
44
3
2
3
13
14
17
61
17
3
25
18
1
18
20
7
1
52
17
7
7
7
17
27
7
17
19
5
7
46
7
7
17
5
5
15
14
7
1
17
28
17
16
1
1
17
25
17
38
30
44
1
1
3
20
17
38
3
7
63
20
2
21
17
17
7
1
17
17
17
17
4
25
9
27
17
17
17
1
6
27
27
6
1
3
2
27
21
25
10
20
1
15
1
25
20
1
4
2
21
17
7
7
1
3
10
4
5
10
16
2
2
3
20
20
3
10
61
20
27
61
6
12
17
3
17
8
3
62
1
17
33
10
8
17
64
10
17
3
17
61
17
20
10
61
21
17
17
3
3
27
21
27
3
15
13
13
6
23
2
25
6
47
58
2
5
5
19
2
6
55
7
4
17
17
7
17
5
2
20
25
47
20
10
7
40
19
38
1
2
22
25
8
17
3
17
1
7
3
30
9
17
20
20
4
18
10
31
31
15
17
4
17
20
17
20
17
7
17
17
17
17
17
17
17
17
17
63
17
17
17
30
17
17
8
30
25
20
17
1
27
12
1
17
17
31
31
31
31
31
17
5
5
5
10
10
17
5
1
1
17
45
17
17
17
1
56
20
17
17
17
17
5
17
17
60
20
9
22
7
17
17
58
58
4
17
17
17
22
1
17
17
7
13
17
17
25
17
61
25
17
17
17
23
17
17
17
61
17
40
17
1
17
32
36
1
17
23
17
30
20
20
3
38
20
37
1
25
25
6
25
2
25
21
6
15
20
15
15
6
6
51
25
23
2
20
5
27
27
63
38
20
1
58
58
17
10
31
55
9
20
8
9
27
15
4
14
2
17
40
21
1
31
31
20
10
37
22
19
16
16
20
12
10
6
27
22
5
51
18
12
22
3
27
9
2
20
5
27
16
5
17
17
17
17
4
1
16
3
1
20
17
7
17
17
19
20
10
20
10
13
31
51
10
27
7
5
60
15
64
1
15
24
5
1
1
22
18
17
25
25
22
25
20
4
27
4
29
20
27
17
20
10
27
12
37
52
25
5
27
17
13
47
32
18
13
3
31
12
17
20
33
4
12
17
10
20
30
39
10
17
17
17
20
20
17
17
31
5
20
17
12
17
